rm -f obj/main.o
g++ -O3 -std=c++17 -g -Iinclude -c src/main.cpp -o obj/main.o
g++ -o exe/SortieDeCache.exe obj/main.o -O3 -std=c++17 -g -Iinclude   -lm
6641 3.28994e-10
6642 3.38944e-10
6643 3.40698e-10
6644 3.24376e-10
6645 3.60524e-10
6646 3.52495e-10
6647 3.27781e-10
6648 3.20812e-10
6649 3.29706e-10
6650 3.28365e-10
6651 3.31753e-10
6652 3.24681e-10
6653 3.2914e-10
6654 3.31424e-10
6655 3.29403e-10
6656 3.22134e-10
6657 3.30793e-10
6658 3.3148e-10
6659 3.30438e-10
6660 3.22135e-10
6661 3.30961e-10
6662 3.28699e-10
6663 3.2957e-10
6664 3.22818e-10
6665 3.29721e-10
6666 3.28642e-10
6667 3.29662e-10
6668 3.22494e-10
6669 3.31278e-10
6670 3.3061e-10
6671 3.30956e-10
6672 3.29401e-10
6673 3.30733e-10
6674 3.32178e-10
6675 3.31709e-10
6676 3.27933e-10
6677 3.32671e-10
6678 3.31961e-10
6679 3.31807e-10
6680 3.2743e-10
6681 3.34758e-10
6682 3.36858e-10
6683 3.58521e-10
6684 3.72931e-10
6685 3.49794e-10
6686 3.33811e-10
6687 3.32916e-10
6688 3.26775e-10
6689 3.29839e-10
6690 3.30247e-10
6691 3.32292e-10
6692 3.26581e-10
6693 3.30117e-10
6694 3.3126e-10
6695 3.2838e-10
6696 3.29842e-10
6697 3.40456e-10
6698 3.34436e-10
6699 3.32592e-10
6700 3.28258e-10
6701 3.32568e-10
6702 3.29299e-10
6703 3.26825e-10
6704 3.24276e-10
6705 3.27802e-10
6706 3.29839e-10
6707 3.3133e-10
6708 3.25527e-10
6709 3.42219e-10
6710 3.37961e-10
6711 3.42115e-10
6712 3.29513e-10
6713 3.4999e-10
6714 3.48437e-10
6715 3.50188e-10
6716 3.39189e-10
6717 3.38088e-10
6718 3.3294e-10
6719 3.53401e-10
6720 3.44796e-10
6721 3.34054e-10
6722 3.33609e-10
6723 3.34614e-10
6724 3.50096e-10
6725 3.35242e-10
6726 3.51924e-10
6727 3.39535e-10
6728 3.23048e-10
6729 3.35484e-10
6730 3.30479e-10
6731 3.49213e-10
6732 3.23298e-10
6733 3.29723e-10
6734 3.2943e-10
6735 3.29211e-10
6736 3.20933e-10
6737 3.3029e-10
6738 3.30213e-10
6739 3.30699e-10
6740 3.26516e-10
6741 3.2806e-10
6742 3.29477e-10
6743 3.28041e-10
6744 3.21317e-10
6745 3.45911e-10
6746 3.47724e-10
6747 3.31712e-10
6748 3.23878e-10
6749 3.33603e-10
6750 3.25324e-10
6751 3.30311e-10
6752 3.24552e-10
6753 3.28469e-10
6754 3.27096e-10
6755 3.27754e-10
6756 3.21144e-10
6757 3.28169e-10
6758 3.2579e-10
6759 3.27692e-10
6760 3.25844e-10
6761 3.27795e-10
6762 3.28826e-10
6763 3.26489e-10
6764 3.22413e-10
6765 3.26104e-10
6766 3.27815e-10
6767 3.27054e-10
6768 3.26484e-10
6769 3.26891e-10
6770 3.27528e-10
6771 3.26652e-10
6772 3.22784e-10
6773 3.25902e-10
6774 3.28445e-10
6775 3.28668e-10
6776 3.24656e-10
6777 3.26484e-10
6778 3.28219e-10
6779 3.26216e-10
6780 3.21119e-10
6781 3.26013e-10
6782 3.3098e-10
6783 3.29585e-10
6784 3.22955e-10
6785 3.2626e-10
6786 3.26164e-10
6787 3.29397e-10
6788 3.23317e-10
6789 3.32231e-10
6790 3.29922e-10
6791 3.25985e-10
6792 3.21822e-10
6793 3.26083e-10
6794 3.33353e-10
6795 3.29655e-10
6796 3.22662e-10
6797 3.29267e-10
6798 3.31313e-10
6799 3.28509e-10
6800 3.20068e-10
6801 3.26245e-10
6802 3.27166e-10
6803 3.31179e-10
6804 3.26867e-10
6805 3.28219e-10
6806 3.26936e-10
6807 3.50428e-10
6808 3.21692e-10
6809 3.53339e-10
6810 3.50941e-10
6811 3.29476e-10
6812 3.27457e-10
6813 3.31228e-10
6814 3.28272e-10
6815 3.34434e-10
6816 3.21105e-10
6817 3.27617e-10
6818 3.29949e-10
6819 3.28538e-10
6820 3.23864e-10
6821 3.27438e-10
6822 3.35731e-10
6823 3.30534e-10
6824 3.30977e-10
6825 3.33191e-10
6826 3.29133e-10
6827 3.30038e-10
6828 3.24406e-10
6829 3.29375e-10
6830 3.28894e-10
6831 3.2668e-10
6832 3.23625e-10
6833 3.30295e-10
6834 3.30534e-10
6835 3.27019e-10
6836 3.20911e-10
6837 3.30102e-10
6838 3.31244e-10
6839 3.29763e-10
6840 3.24463e-10
6841 3.47487e-10
6842 3.29135e-10
6843 3.35901e-10
6844 3.21528e-10
6845 3.35737e-10
6846 3.26853e-10
6847 3.2844e-10
6848 3.34916e-10
6849 3.3014e-10
6850 3.30981e-10
6851 3.2744e-10
6852 3.2096e-10
6853 3.30964e-10
6854 3.27682e-10
6855 3.29784e-10
6856 3.21839e-10
6857 3.3838e-10
6858 3.30631e-10
6859 3.2808e-10
6860 3.23356e-10
6861 3.29087e-10
6862 3.29803e-10
6863 3.26855e-10
6864 3.20352e-10
6865 3.29281e-10
6866 3.31127e-10
6867 3.33419e-10
6868 3.21751e-10
6869 3.31493e-10
6870 3.31188e-10
6871 3.27494e-10
6872 3.25518e-10
6873 3.3101e-10
6874 3.29063e-10
6875 3.26906e-10
6876 3.26385e-10
6877 3.3427e-10
6878 3.38495e-10
6879 3.54002e-10
6880 3.26035e-10
6881 3.3126e-10
6882 3.27611e-10
6883 3.26543e-10
6884 3.2824e-10
6885 3.34813e-10
6886 3.274e-10
6887 3.30217e-10
6888 3.22921e-10
6889 3.28249e-10
6890 3.25596e-10
6891 3.26712e-10
6892 3.21387e-10
6893 3.28329e-10
6894 3.31029e-10
6895 3.26706e-10
6896 3.2113e-10
6897 3.30607e-10
6898 3.26554e-10
6899 3.26172e-10
6900 3.26142e-10
6901 3.28841e-10
6902 3.27425e-10
6903 3.34983e-10
6904 3.27479e-10
6905 3.27167e-10
6906 3.25524e-10
6907 3.29683e-10
6908 3.22745e-10
6909 3.31643e-10
6910 3.29006e-10
6911 3.27802e-10
6912 3.3362e-10
6913 3.27168e-10
6914 3.32035e-10
6915 3.29502e-10
6916 3.22668e-10
6917 3.27866e-10
6918 3.27069e-10
6919 3.29178e-10
6920 3.27858e-10
6921 3.42454e-10
6922 3.32432e-10
6923 3.30734e-10
6924 3.22317e-10
6925 3.32052e-10
6926 3.38672e-10
6927 3.32413e-10
6928 3.33793e-10
6929 3.41856e-10
6930 3.3753e-10
6931 3.34575e-10
6932 3.32528e-10
6933 3.42281e-10
6934 3.37524e-10
6935 3.80295e-10
6936 3.32215e-10
6937 3.37949e-10
6938 3.34431e-10
6939 3.43059e-10
6940 3.32422e-10
6941 3.27907e-10
6942 3.31224e-10
6943 3.31454e-10
6944 3.30987e-10
6945 3.31459e-10
6946 3.30858e-10
6947 3.28581e-10
6948 3.28743e-10
6949 3.28875e-10
6950 3.30649e-10
6951 3.33001e-10
6952 3.23452e-10
6953 3.29924e-10
6954 3.32499e-10
6955 3.42097e-10
6956 3.24964e-10
6957 3.35707e-10
