rm -f obj/main.o
g++ -O3 -std=c++17 -g -Iinclude -c src/main.cpp -o obj/main.o
g++ -o exe/SortieDeCache.exe obj/main.o -O3 -std=c++17 -g -Iinclude   -lm
6958 3.29783e-10
6959 3.40683e-10
6960 3.23649e-10
6961 3.36436e-10
6962 3.35409e-10
6963 3.2896e-10
6964 3.28046e-10
6965 3.3401e-10
6966 3.37463e-10
6967 3.34737e-10
6968 3.23047e-10
6969 3.36215e-10
6970 3.30605e-10
6971 3.29974e-10
6972 3.24474e-10
6973 3.30018e-10
6974 3.28488e-10
6975 3.33803e-10
6976 3.25169e-10
6977 3.29787e-10
6978 3.32866e-10
6979 3.31892e-10
6980 3.24014e-10
6981 3.31742e-10
6982 3.35485e-10
6983 3.5405e-10
6984 3.27935e-10
6985 3.33814e-10
6986 3.3411e-10
6987 3.32459e-10
6988 3.26967e-10
6989 3.30035e-10
6990 3.37395e-10
6991 3.25075e-10
6992 3.24471e-10
6993 3.28421e-10
6994 3.25991e-10
6995 3.26693e-10
6996 3.19975e-10
6997 3.2738e-10
6998 3.4064e-10
6999 3.29051e-10
7000 3.26152e-10
7001 3.25213e-10
7002 3.27781e-10
7003 3.25787e-10
7004 3.21518e-10
7005 3.29392e-10
7006 3.27364e-10
7007 3.28411e-10
7008 3.21395e-10
7009 3.29334e-10
7010 3.26138e-10
7011 3.24906e-10
7012 3.23311e-10
7013 3.30378e-10
7014 3.2742e-10
7015 3.25462e-10
7016 3.24377e-10
7017 3.30246e-10
7018 3.27433e-10
7019 3.28938e-10
7020 3.44826e-10
7021 3.26236e-10
7022 3.32851e-10
7023 3.283e-10
7024 3.21296e-10
7025 3.28783e-10
7026 3.27068e-10
7027 3.31286e-10
7028 3.2059e-10
7029 3.31989e-10
7030 3.2575e-10
7031 3.39081e-10
7032 3.25578e-10
7033 3.32018e-10
7034 3.28284e-10
7035 3.28356e-10
7036 3.22669e-10
7037 3.27061e-10
7038 3.31789e-10
7039 3.26521e-10
7040 3.24664e-10
7041 3.29995e-10
7042 3.56043e-10
7043 3.35096e-10
7044 3.20771e-10
7045 3.3359e-10
7046 3.3256e-10
7047 3.31765e-10
7048 3.22668e-10
7049 3.32248e-10
7050 3.27935e-10
7051 3.59193e-10
7052 3.53761e-10
7053 3.34929e-10
7054 3.30409e-10
7055 3.32343e-10
7056 3.28364e-10
7057 3.31631e-10
7058 3.27391e-10
7059 3.2912e-10
7060 3.25808e-10
7061 3.33156e-10
7062 3.42685e-10
7063 3.29824e-10
7064 3.21777e-10
7065 3.3026e-10
7066 3.33328e-10
7067 3.28956e-10
7068 3.41237e-10
7069 3.39403e-10
7070 3.31268e-10
7071 3.34577e-10
7072 3.29582e-10
7073 3.36018e-10
7074 3.30326e-10
7075 3.66909e-10
7076 3.22595e-10
7077 3.33709e-10
7078 3.2949e-10
7079 3.32182e-10
7080 3.2747e-10
7081 3.30269e-10
7082 3.44615e-10
7083 3.37512e-10
7084 3.30004e-10
7085 3.32362e-10
7086 3.58734e-10
7087 3.33987e-10
7088 3.30005e-10
7089 3.37123e-10
7090 3.56548e-10
7091 3.38329e-10
7092 3.28943e-10
7093 3.37052e-10
7094 3.33688e-10
7095 3.39732e-10
7096 3.29234e-10
7097 3.39589e-10
7098 3.38866e-10
7099 3.39861e-10
7100 3.27469e-10
7101 3.39067e-10
7102 3.3918e-10
7103 3.43905e-10
7104 3.31935e-10
7105 3.45102e-10
7106 3.37668e-10
7107 3.40413e-10
7108 3.5384e-10
7109 3.43889e-10
7110 3.37534e-10
7111 3.42448e-10
7112 3.30998e-10
7113 3.41179e-10
7114 3.41958e-10
7115 3.38833e-10
7116 3.32535e-10
7117 3.46091e-10
7118 3.46479e-10
7119 3.44438e-10
7120 3.345e-10
7121 3.48417e-10
7122 3.58072e-10
7123 3.48335e-10
7124 3.44519e-10
7125 3.44821e-10
7126 3.44144e-10
7127 3.44926e-10
7128 3.32099e-10
7129 3.48029e-10
7130 3.48647e-10
7131 3.46855e-10
7132 3.32875e-10
7133 3.45952e-10
7134 3.48927e-10
7135 3.4663e-10
7136 3.32445e-10
7137 3.55767e-10
7138 3.49152e-10
7139 3.59828e-10
7140 3.56284e-10
7141 3.52453e-10
7142 3.50526e-10
7143 3.49934e-10
7144 3.33061e-10
7145 3.55525e-10
7146 3.5893e-10
7147 3.57899e-10
7148 3.30519e-10
7149 3.54809e-10
7150 3.58271e-10
7151 3.6802e-10
7152 3.36477e-10
7153 3.54276e-10
7154 3.5436e-10
7155 3.54664e-10
7156 3.30521e-10
7157 3.54283e-10
7158 3.52213e-10
7159 3.57183e-10
7160 3.31117e-10
7161 3.58048e-10
7162 3.55396e-10
7163 3.71945e-10
7164 3.35852e-10
7165 3.47528e-10
7166 3.4316e-10
7167 3.43651e-10
7168 3.29475e-10
7169 3.39956e-10
7170 3.38323e-10
7171 3.42098e-10
7172 3.36231e-10
7173 3.34231e-10
7174 3.39184e-10
7175 3.37983e-10
7176 3.28402e-10
7177 3.37161e-10
7178 3.37309e-10
7179 3.3617e-10
7180 3.29143e-10
7181 3.35304e-10
7182 3.33537e-10
7183 3.35496e-10
7184 3.28376e-10
7185 3.33552e-10
7186 3.35351e-10
7187 3.33446e-10
7188 3.2742e-10
7189 3.37147e-10
7190 3.35425e-10
7191 3.35998e-10
7192 3.34072e-10
7193 3.361e-10
7194 3.33882e-10
7195 3.38087e-10
7196 3.31944e-10
7197 3.34996e-10
7198 3.3407e-10
7199 3.36372e-10
7200 3.28709e-10
7201 3.35246e-10
7202 3.34458e-10
7203 3.36286e-10
7204 3.28473e-10
7205 3.3593e-10
7206 3.40171e-10
7207 3.36897e-10
7208 3.29145e-10
7209 3.33791e-10
7210 3.37572e-10
7211 3.32947e-10
7212 3.26917e-10
7213 3.36519e-10
7214 3.38742e-10
7215 3.43789e-10
7216 3.29071e-10
7217 3.33842e-10
7218 3.33574e-10
7219 3.36262e-10
7220 3.25374e-10
7221 3.34749e-10
7222 3.36179e-10
7223 3.32356e-10
7224 3.27066e-10
7225 3.58531e-10
7226 3.34757e-10
7227 3.32573e-10
7228 3.30182e-10
7229 3.33794e-10
7230 3.34725e-10
7231 3.3556e-10
7232 3.28323e-10
7233 3.33244e-10
7234 3.36597e-10
7235 3.36681e-10
7236 3.43853e-10
7237 3.33812e-10
7238 3.38155e-10
7239 3.40227e-10
7240 3.27481e-10
7241 3.33802e-10
7242 3.3512e-10
7243 3.35065e-10
7244 3.28904e-10
7245 3.33726e-10
7246 3.42859e-10
7247 3.34908e-10
7248 3.25874e-10
7249 3.33071e-10
7250 3.3506e-10
7251 3.33919e-10
7252 3.28416e-10
7253 3.32929e-10
7254 3.33823e-10
7255 3.35496e-10
7256 3.25299e-10
7257 3.32669e-10
7258 3.34775e-10
7259 3.33943e-10
7260 3.24555e-10
7261 3.34162e-10
7262 3.34685e-10
7263 3.34507e-10
7264 3.25188e-10
7265 3.3586e-10
7266 3.3507e-10
7267 3.48071e-10
7268 3.25792e-10
7269 3.33805e-10
7270 3.35894e-10
7271 3.35922e-10
7272 3.25494e-10
7273 3.33119e-10
7274 3.36713e-10
7275 3.35865e-10
7276 3.26099e-10
7277 3.31759e-10
7278 3.33246e-10
7279 3.35636e-10
7280 3.32268e-10
7281 3.35154e-10
7282 3.3497e-10
7283 3.33763e-10
7284 3.29166e-10
7285 3.42998e-10
7286 3.34553e-10
7287 3.34468e-10
7288 3.26224e-10
7289 3.35113e-10
7290 3.35775e-10
7291 3.33618e-10
7292 3.26806e-10
7293 3.35963e-10
7294 3.3712e-10
7295 3.33803e-10
7296 3.27058e-10
7297 3.35172e-10
7298 3.37379e-10
7299 3.37105e-10
7300 3.26567e-10
7301 3.34115e-10
7302 3.36179e-10
7303 3.36936e-10
7304 3.32177e-10
7305 3.35075e-10
7306 3.33789e-10
7307 3.34927e-10
7308 3.28795e-10
7309 3.36742e-10
7310 3.33626e-10
7311 3.32857e-10
7312 3.28097e-10
7313 3.35607e-10
7314 3.36098e-10
7315 3.32447e-10
7316 3.2693e-10
7317 3.35452e-10
7318 3.36724e-10
7319 3.50431e-10
7320 3.26316e-10
7321 3.33033e-10
7322 3.32589e-10
7323 3.35733e-10
7324 3.28128e-10
7325 3.36349e-10
7326 3.32564e-10
7327 3.34206e-10
7328 3.25438e-10
7329 3.4442e-10
7330 3.35234e-10
7331 3.36244e-10
7332 3.24917e-10
7333 3.33254e-10
7334 3.34441e-10
7335 3.33955e-10
7336 3.27047e-10
7337 3.3244e-10
7338 3.33183e-10
7339 3.32272e-10
7340 3.26353e-10
7341 3.36205e-10
7342 3.37104e-10
7343 3.34406e-10
7344 3.25725e-10
7345 3.33789e-10
7346 3.35184e-10
7347 3.33327e-10
7348 3.24825e-10
7349 3.36033e-10
7350 3.34041e-10
7351 3.32395e-10
7352 3.24094e-10
7353 3.32588e-10
7354 3.32473e-10
7355 3.35112e-10
7356 3.33666e-10
7357 3.36949e-10
7358 3.34175e-10
7359 3.32333e-10
7360 3.44172e-10
7361 3.31866e-10
7362 3.32469e-10
7363 3.35187e-10
7364 3.27273e-10
7365 3.34939e-10
7366 3.35356e-10
7367 3.3137e-10
7368 3.2537e-10
7369 3.32455e-10
7370 3.39118e-10
7371 3.32609e-10
7372 3.23968e-10
7373 3.35503e-10
7374 3.3491e-10
7375 3.34297e-10
7376 3.25815e-10
7377 3.32224e-10
7378 3.32398e-10
7379 3.32485e-10
7380 3.24237e-10
7381 3.31529e-10
7382 3.33476e-10
7383 3.33751e-10
7384 3.27094e-10
7385 3.35813e-10
7386 3.33097e-10
7387 3.31614e-10
7388 3.24113e-10
7389 3.31402e-10
7390 3.30939e-10
7391 3.32292e-10
7392 3.2272e-10
7393 3.32789e-10
7394 3.33185e-10
7395 3.32364e-10
7396 3.22849e-10
7397 3.33833e-10
7398 3.31573e-10
7399 3.34196e-10
7400 3.26011e-10
7401 3.32455e-10
7402 3.3207e-10
7403 3.34906e-10
7404 3.25556e-10
7405 3.32981e-10
7406 3.40565e-10
7407 3.33186e-10
7408 3.2423e-10
7409 3.31678e-10
7410 3.31533e-10
7411 3.30275e-10
7412 3.22391e-10
7413 3.29989e-10
7414 3.31222e-10
7415 3.30726e-10
7416 3.2322e-10
7417 3.31175e-10
7418 3.32467e-10
7419 3.31619e-10
7420 3.24756e-10
7421 3.32014e-10
7422 3.3177e-10
7423 3.31126e-10
7424 3.2188e-10
7425 3.29811e-10
7426 3.31612e-10
7427 3.30323e-10
7428 3.20311e-10
7429 3.29046e-10
7430 3.28147e-10
7431 3.29347e-10
7432 3.20069e-10
7433 3.3151e-10
7434 3.29504e-10
7435 3.31139e-10
7436 3.212e-10
7437 3.29878e-10
7438 3.2983e-10
7439 3.30146e-10
7440 3.2263e-10
7441 3.29128e-10
7442 3.3322e-10
7443 3.29358e-10
7444 3.25079e-10
7445 3.29747e-10
7446 3.28829e-10
7447 3.28769e-10
7448 3.24037e-10
7449 3.29026e-10
7450 3.33596e-10
7451 3.30479e-10
7452 3.24359e-10
7453 3.30096e-10
7454 3.29625e-10
7455 3.31681e-10
7456 3.23872e-10
7457 3.33599e-10
7458 3.29991e-10
7459 3.31161e-10
7460 3.22742e-10
7461 3.30153e-10
7462 3.30504e-10
7463 3.31442e-10
7464 3.20732e-10
7465 3.32647e-10
7466 3.28046e-10
7467 3.29785e-10
7468 3.21233e-10
7469 3.27879e-10
7470 3.28383e-10
7471 3.28174e-10
7472 3.21623e-10
7473 3.29873e-10
7474 3.31646e-10
7475 3.29938e-10
7476 3.23994e-10
7477 3.28499e-10
7478 3.28847e-10
7479 3.28438e-10
7480 3.20966e-10
7481 3.28098e-10
7482 3.26594e-10
7483 3.28015e-10
7484 3.1976e-10
7485 3.26268e-10
7486 3.2706e-10
7487 3.26116e-10
7488 3.18295e-10
7489 3.25749e-10
7490 3.32288e-10
7491 3.25689e-10
7492 3.18223e-10
7493 3.2541e-10
7494 3.2565e-10
7495 3.24811e-10
7496 3.17923e-10
7497 3.25332e-10
7498 3.27129e-10
7499 3.25726e-10
7500 3.42026e-10
7501 3.28502e-10
7502 3.29151e-10
7503 3.29331e-10
7504 3.20396e-10
7505 3.27502e-10
7506 3.26638e-10
7507 3.27891e-10
7508 3.1697e-10
7509 3.26923e-10
7510 3.24987e-10
7511 3.25471e-10
7512 3.1872e-10
7513 3.2475e-10
7514 3.26783e-10
7515 3.26748e-10
7516 3.21276e-10
7517 3.27603e-10
7518 3.31223e-10
7519 3.27511e-10
7520 3.17502e-10
7521 3.24745e-10
7522 3.24351e-10
7523 3.26358e-10
7524 3.18746e-10
7525 3.26686e-10
7526 3.27456e-10
7527 3.24999e-10
7528 3.1696e-10
7529 3.24163e-10
7530 3.24071e-10
7531 3.25029e-10
7532 3.15768e-10
7533 3.24719e-10
7534 3.27281e-10
7535 3.27357e-10
7536 3.20403e-10
7537 3.27685e-10
7538 3.26292e-10
7539 3.41351e-10
7540 3.18565e-10
7541 3.24932e-10
7542 3.28096e-10
7543 3.28223e-10
7544 3.23507e-10
7545 3.254e-10
7546 3.26126e-10
7547 3.29286e-10
7548 3.17022e-10
7549 3.25478e-10
7550 3.2834e-10
7551 3.27589e-10
7552 3.18462e-10
7553 3.31904e-10
7554 3.26067e-10
7555 3.25563e-10
7556 3.18856e-10
7557 3.25437e-10
7558 3.25125e-10
7559 3.27829e-10
7560 3.2033e-10
7561 3.25877e-10
7562 3.25147e-10
7563 3.25372e-10
7564 3.20491e-10
7565 3.30254e-10
7566 3.40287e-10
7567 3.39278e-10
7568 3.47174e-10
7569 3.47171e-10
7570 3.34225e-10
7571 3.38008e-10
7572 3.25134e-10
7573 3.54401e-10
7574 3.41756e-10
7575 3.36399e-10
7576 3.20084e-10
7577 3.24903e-10
7578 3.26597e-10
7579 3.284e-10
7580 3.18664e-10
7581 3.26653e-10
7582 3.26713e-10
7583 3.28273e-10
7584 3.18736e-10
7585 3.28681e-10
7586 3.27598e-10
7587 3.33658e-10
7588 3.18029e-10
7589 3.41352e-10
7590 3.3884e-10
7591 3.30589e-10
7592 3.31643e-10
7593 3.26319e-10
7594 3.26767e-10
7595 3.26487e-10
7596 3.20723e-10
7597 3.28982e-10
7598 3.27488e-10
7599 3.29709e-10
7600 3.21243e-10
7601 3.29041e-10
7602 3.26521e-10
7603 3.27488e-10
7604 3.21614e-10
7605 3.28625e-10
7606 3.26027e-10
7607 3.28227e-10
7608 3.23256e-10
7609 3.28791e-10
7610 3.27541e-10
7611 3.27747e-10
7612 3.23387e-10
7613 3.29222e-10
7614 3.33935e-10
7615 3.2903e-10
7616 3.22337e-10
7617 3.29671e-10
7618 3.29306e-10
7619 3.33499e-10
7620 3.24274e-10
7621 3.32191e-10
7622 3.30701e-10
7623 3.30826e-10
7624 3.25524e-10
7625 3.39316e-10
7626 3.33135e-10
7627 3.28858e-10
7628 3.19886e-10
7629 3.2879e-10
7630 3.36017e-10
7631 3.28588e-10
7632 3.20876e-10
7633 3.28016e-10
7634 3.43827e-10
7635 3.29712e-10
7636 3.2248e-10
7637 3.2958e-10
7638 3.32006e-10
7639 3.30144e-10
7640 3.21555e-10
7641 3.2952e-10
7642 3.38579e-10
7643 3.51355e-10
7644 3.26601e-10
7645 3.3137e-10
7646 3.28995e-10
7647 3.3105e-10
7648 3.29887e-10
7649 3.29133e-10
7650 3.33067e-10
7651 3.36399e-10
7652 3.23063e-10
7653 3.30687e-10
7654 3.32378e-10
7655 3.3061e-10
7656 3.36234e-10
7657 3.38001e-10
7658 3.38612e-10
7659 3.34302e-10
7660 3.29465e-10
7661 3.2876e-10
7662 3.29353e-10
7663 3.32236e-10
7664 3.24877e-10
7665 3.29491e-10
7666 3.29375e-10
7667 3.33678e-10
7668 3.23895e-10
7669 3.29705e-10
7670 3.32375e-10
7671 3.31218e-10
7672 3.24744e-10
7673 3.30837e-10
7674 3.33051e-10
7675 3.30101e-10
7676 3.24518e-10
7677 3.31823e-10
7678 3.29858e-10
7679 3.29608e-10
7680 3.25701e-10
7681 3.48864e-10
7682 3.40487e-10
7683 3.3351e-10
7684 3.24729e-10
7685 3.31992e-10
7686 3.34342e-10
7687 3.29757e-10
7688 3.23652e-10
7689 3.32262e-10
7690 3.30347e-10
7691 3.32299e-10
7692 3.28498e-10
7693 3.32221e-10
7694 3.30875e-10
7695 3.34225e-10
7696 3.28189e-10
7697 3.30018e-10
7698 3.3121e-10
7699 3.30708e-10
7700 3.24826e-10
7701 3.32865e-10
7702 3.31365e-10
7703 3.32373e-10
7704 3.24133e-10
7705 3.29506e-10
7706 3.3274e-10
7707 3.35626e-10
7708 3.27349e-10
7709 3.62597e-10
7710 3.30659e-10
7711 3.33709e-10
7712 3.49382e-10
7713 3.40621e-10
7714 3.2851e-10
7715 3.30749e-10
7716 3.41277e-10
7717 3.51841e-10
7718 3.55145e-10
7719 3.66937e-10
7720 3.26852e-10
7721 3.4803e-10
7722 3.30795e-10
7723 3.39276e-10
7724 3.27308e-10
7725 3.60328e-10
7726 3.37133e-10
7727 3.46187e-10
7728 3.2448e-10
7729 3.29261e-10
7730 3.2807e-10
7731 3.31312e-10
7732 3.26599e-10
7733 3.29811e-10
7734 3.28609e-10
7735 3.29323e-10
7736 3.27552e-10
7737 3.273e-10
7738 3.3373e-10
7739 3.27968e-10
7740 3.25421e-10
7741 3.33355e-10
7742 3.28723e-10
7743 3.34668e-10
7744 3.25025e-10
7745 3.30355e-10
7746 3.27371e-10
7747 3.3351e-10
7748 3.26927e-10
7749 3.30569e-10
7750 3.27518e-10
7751 3.29478e-10
7752 3.25124e-10
7753 3.28511e-10
7754 3.30809e-10
7755 3.27992e-10
7756 3.27104e-10
7757 3.29968e-10
7758 3.29085e-10
7759 3.29714e-10
7760 3.23206e-10
7761 3.32607e-10
7762 3.30369e-10
7763 3.3251e-10
7764 3.23785e-10
7765 3.31245e-10
7766 3.2855e-10
7767 3.30428e-10
7768 3.30896e-10
7769 3.26913e-10
7770 3.4035e-10
7771 3.54046e-10
7772 3.44888e-10
7773 3.29366e-10
7774 3.28826e-10
7775 3.30317e-10
7776 3.21544e-10
7777 3.28675e-10
7778 3.34669e-10
7779 3.33833e-10
7780 3.24771e-10
7781 3.28619e-10
7782 3.48139e-10
7783 3.30598e-10
7784 3.23871e-10
7785 3.28342e-10
7786 3.319e-10
7787 3.29925e-10
7788 3.30541e-10
7789 3.30143e-10
7790 3.31628e-10
7791 3.31901e-10
7792 3.23667e-10
7793 3.32306e-10
7794 3.28664e-10
7795 3.28074e-10
7796 3.22973e-10
7797 3.29979e-10
7798 3.29491e-10
7799 3.34726e-10
7800 3.25908e-10
7801 3.2848e-10
7802 3.31825e-10
7803 3.33101e-10
7804 3.37301e-10
7805 3.31656e-10
7806 3.33624e-10
7807 3.29687e-10
7808 3.24036e-10
7809 3.3563e-10
7810 3.30432e-10
7811 3.35273e-10
7812 3.25308e-10
7813 3.27988e-10
7814 3.27087e-10
7815 3.29165e-10
7816 3.25932e-10
7817 3.29009e-10
7818 3.45146e-10
7819 3.29556e-10
7820 3.29039e-10
7821 3.33224e-10
7822 3.3129e-10
7823 3.39863e-10
7824 3.26345e-10
7825 3.30217e-10
7826 3.30702e-10
7827 3.30502e-10
7828 3.24655e-10
7829 3.30039e-10
7830 3.31382e-10
7831 3.34215e-10
7832 3.23958e-10
7833 3.32225e-10
7834 3.30072e-10
7835 3.3207e-10
7836 3.50894e-10
7837 3.31667e-10
7838 3.32683e-10
7839 3.30199e-10
7840 3.28337e-10
7841 3.28227e-10
7842 3.3197e-10
7843 3.30131e-10
7844 3.26529e-10
7845 3.30738e-10
7846 3.31606e-10
7847 3.36483e-10
7848 3.27183e-10
7849 3.32948e-10
7850 3.29493e-10
7851 3.31102e-10
7852 3.24499e-10
7853 3.32465e-10
7854 3.51597e-10
7855 3.33427e-10
7856 3.31645e-10
7857 3.34436e-10
7858 3.30176e-10
7859 3.34399e-10
7860 3.24989e-10
7861 3.31042e-10
7862 3.33459e-10
7863 3.34042e-10
7864 3.26375e-10
7865 3.33107e-10
7866 3.32897e-10
7867 3.73288e-10
7868 3.25125e-10
7869 3.30568e-10
7870 3.31306e-10
7871 3.46454e-10
7872 3.26839e-10
7873 3.47587e-10
7874 3.34251e-10
7875 3.32579e-10
7876 3.28619e-10
7877 3.33666e-10
7878 3.36369e-10
7879 3.31194e-10
7880 3.31243e-10
7881 3.30081e-10
7882 3.32059e-10
7883 3.35094e-10
7884 3.24031e-10
7885 3.3421e-10
7886 3.29712e-10
7887 3.29861e-10
7888 3.26528e-10
7889 3.66957e-10
7890 3.34367e-10
7891 3.35845e-10
7892 3.32564e-10
7893 3.34929e-10
7894 3.43688e-10
7895 3.30622e-10
7896 3.25311e-10
7897 3.30824e-10
7898 3.35179e-10
7899 3.33215e-10
7900 3.25548e-10
7901 3.32364e-10
7902 3.3709e-10
7903 3.3025e-10
7904 3.26755e-10
7905 3.30303e-10
7906 3.35062e-10
7907 3.31608e-10
7908 3.27356e-10
7909 3.30386e-10
7910 3.35952e-10
7911 3.33986e-10
7912 3.28267e-10
7913 3.50434e-10
7914 3.39855e-10
7915 3.3605e-10
7916 3.33324e-10
7917 3.4169e-10
7918 3.34736e-10
7919 3.31339e-10
7920 3.46351e-10
7921 3.30505e-10
7922 3.41517e-10
7923 3.38927e-10
7924 3.54272e-10
7925 3.39895e-10
7926 3.30233e-10
7927 3.32255e-10
7928 3.3259e-10
7929 3.28958e-10
7930 3.28622e-10
7931 3.32046e-10
7932 3.24099e-10
7933 3.34652e-10
7934 3.30269e-10
7935 3.28194e-10
7936 3.25609e-10
7937 3.40938e-10
7938 3.32694e-10
7939 3.28289e-10
7940 3.49335e-10
7941 3.28527e-10
7942 3.32614e-10
7943 3.29873e-10
7944 3.25021e-10
7945 3.29326e-10
7946 3.30898e-10
7947 3.295e-10
7948 3.23988e-10
7949 3.29623e-10
7950 3.44438e-10
7951 3.29626e-10
7952 3.23059e-10
7953 3.2925e-10
7954 3.29726e-10
7955 3.31119e-10
7956 3.24676e-10
7957 3.29737e-10
7958 3.30041e-10
7959 3.5262e-10
7960 3.25258e-10
7961 3.32544e-10
7962 3.3206e-10
7963 3.36132e-10
7964 3.26535e-10
7965 3.29881e-10
7966 3.31932e-10
7967 3.45579e-10
7968 3.37674e-10
7969 3.34863e-10
7970 3.54911e-10
7971 3.35174e-10
7972 3.24713e-10
7973 3.59504e-10
7974 3.30833e-10
7975 3.34378e-10
7976 3.51587e-10
7977 3.32472e-10
7978 3.39386e-10
7979 3.3622e-10
7980 3.2479e-10
7981 3.42154e-10
7982 3.38064e-10
7983 3.35006e-10
7984 3.30972e-10
7985 3.35203e-10
7986 3.43016e-10
7987 3.37709e-10
7988 3.33543e-10
7989 3.45341e-10
7990 3.52359e-10
7991 3.43504e-10
7992 3.30486e-10
7993 3.39312e-10
7994 3.39472e-10
7995 3.33611e-10
7996 3.30731e-10
7997 3.36452e-10
7998 3.33314e-10
7999 3.48603e-10
8000 3.26719e-10
8001 3.37231e-10
8002 3.64224e-10
8003 3.4079e-10
8004 3.21652e-10
8005 3.2994e-10
8006 3.32048e-10
8007 3.40364e-10
8008 3.26285e-10
8009 3.3427e-10
8010 3.35421e-10
8011 3.44236e-10
8012 3.46819e-10
8013 3.35746e-10
8014 3.3591e-10
8015 3.32997e-10
8016 3.31898e-10
8017 3.49682e-10
8018 3.36225e-10
8019 3.52641e-10
8020 3.28973e-10
8021 3.38186e-10
8022 3.3306e-10
8023 3.35546e-10
8024 3.50111e-10
8025 3.33772e-10
8026 3.32937e-10
8027 3.35636e-10
8028 3.30389e-10
8029 3.34635e-10
8030 3.50011e-10
8031 3.3664e-10
8032 3.5074e-10
8033 3.34837e-10
8034 3.39489e-10
8035 3.60685e-10
8036 3.30161e-10
8037 3.50301e-10
8038 3.32912e-10
8039 3.4099e-10
8040 3.30482e-10
8041 3.3582e-10
8042 3.54354e-10
8043 3.31816e-10
8044 3.55935e-10
8045 3.3377e-10
8046 3.51086e-10
8047 3.36023e-10
8048 3.48194e-10
8049 3.41112e-10
8050 3.38491e-10
8051 3.36004e-10
8052 3.33584e-10
8053 3.35655e-10
8054 3.34224e-10
8055 3.34387e-10
8056 3.2697e-10
8057 3.3591e-10
8058 3.36749e-10
8059 3.34333e-10
8060 3.2837e-10
8061 3.60109e-10
8062 3.34018e-10
8063 3.36391e-10
8064 3.31311e-10
8065 3.37477e-10
8066 3.36041e-10
8067 3.36849e-10
8068 3.30765e-10
8069 3.38448e-10
8070 3.36262e-10
8071 3.38739e-10
8072 3.32167e-10
8073 3.37454e-10
8074 3.53486e-10
8075 3.35584e-10
8076 3.31236e-10
8077 3.36333e-10
8078 3.3534e-10
8079 3.34674e-10
8080 3.52754e-10
8081 3.36838e-10
8082 3.38146e-10
8083 3.35015e-10
8084 3.30647e-10
8085 3.38199e-10
8086 3.42754e-10
8087 3.37338e-10
8088 3.32746e-10
8089 3.36578e-10
8090 3.37306e-10
8091 3.34751e-10
8092 3.28609e-10
8093 3.37794e-10
8094 3.37379e-10
8095 3.37242e-10
8096 3.30732e-10
8097 3.38644e-10
8098 3.37169e-10
8099 3.37933e-10
8100 3.30799e-10
8101 3.42988e-10
8102 3.39785e-10
8103 3.36562e-10
8104 3.26589e-10
8105 3.31643e-10
8106 3.3356e-10
8107 3.3172e-10
8108 3.30004e-10
8109 3.33807e-10
8110 3.37016e-10
8111 3.45288e-10
8112 3.27879e-10
8113 3.36414e-10
8114 3.35608e-10
8115 3.36366e-10
8116 3.29367e-10
8117 3.38075e-10
8118 3.37203e-10
8119 3.38165e-10
8120 3.30752e-10
8121 3.38084e-10
8122 3.35863e-10
8123 3.36117e-10
8124 3.28329e-10
8125 3.37055e-10
8126 3.38538e-10
8127 3.3791e-10
8128 3.42227e-10
8129 3.46146e-10
8130 3.46396e-10
8131 3.51805e-10
8132 3.38621e-10
8133 3.46795e-10
8134 3.43146e-10
8135 3.46198e-10
8136 3.3759e-10
8137 3.52929e-10
8138 3.64127e-10
8139 3.51342e-10
8140 3.58406e-10
8141 3.49452e-10
8142 3.45368e-10
8143 3.46946e-10
8144 3.44336e-10
8145 3.74514e-10
8146 3.5026e-10
8147 3.52729e-10
8148 3.36626e-10
8149 3.52455e-10
8150 3.48078e-10
8151 3.49755e-10
8152 3.38088e-10
8153 3.51052e-10
8154 3.53129e-10
8155 3.51038e-10
8156 3.5828e-10
8157 3.50609e-10
8158 3.50217e-10
8159 3.50859e-10
8160 3.36762e-10
8161 3.54321e-10
8162 3.50858e-10
8163 3.53236e-10
8164 3.35226e-10
8165 3.59059e-10
8166 3.55836e-10
8167 3.70903e-10
8168 3.3728e-10
8169 3.58658e-10
8170 3.6635e-10
8171 3.70597e-10
8172 3.3954e-10
8173 3.83386e-10
8174 3.58657e-10
8175 3.60903e-10
8176 3.40969e-10
8177 3.60414e-10
8178 3.61518e-10
8179 3.59594e-10
8180 3.41485e-10
8181 3.62477e-10
8182 3.6204e-10
8183 3.68674e-10
8184 3.43878e-10
8185 3.68331e-10
8186 3.5962e-10
8187 3.73439e-10
8188 3.4769e-10
8189 3.57656e-10
8190 3.60897e-10
8191 3.53068e-10
