#define BLOCKDIM_X 10
#define BLOCKDIM_Y 10
2048 2048
0.0103253 0.00842052 0.0106188 1.10947e-05
25890300 181966700
66272650 0
25890300 183601900
#define BLOCKDIM_X 12
#define BLOCKDIM_Y 12
2048 2048
0.010956 0.00950649 0.00748307 1.14272e-05
25890300 181966700
46063700 0
25890300 183601900
#define BLOCKDIM_X 14
#define BLOCKDIM_Y 14
2048 2048
0.0103644 0.00840125 0.00492968 1.11091e-05
25890300 182783500
33812900 0
25890300 183601900
#define BLOCKDIM_X 16
#define BLOCKDIM_Y 16
2048 2048
0.010671 0.00903842 0.00416516 1.1477e-05
25890300 183601900
25890300 183601900
25890300 183601900
#define BLOCKDIM_X 18
#define BLOCKDIM_Y 18
2048 2048
0.0103215 0.00839766 0.00324782 1.45629e-05
25890300 180744500
20402000 145384100
25890300 183601900
