k = 1024
1 1.4604e-05 1.7801e-05 0.000816561 1.6545e-05
4 4.62e-06 1.2035e-05 1.755e-06 1.4824e-05
16 4.692e-06 1.0823e-05 1.631e-06 1.4793e-05
64 4.66e-06 1.1016e-05 1.597e-06 1.4714e-05
256 4.759e-06 1.0849e-05 1.704e-06 1.4513e-05
1024 4.794e-06 1.1443e-05 1.579e-06 1.4736e-05
4096 4.692e-06 1.3624e-05 2.107e-06 1.5376e-05
16384 4.849e-06 1.5287e-05 3.655e-06 1.6918e-05
65536 5.185e-06 2.4544e-05 9.899e-06 4.4181e-05
262144 5.901e-06 6.4783e-05 3.5907e-05 0.000162204
1048576 1.8119e-05 0.00038845 0.00076936 0.000242199
4194304 1.9395e-05 0.00137097 0.00164173 0.000238133
k = 32
1 1.709e-05 1.7921e-05 0.00028925 1.7201e-05
4 4.657e-06 1.2207e-05 1.821e-06 1.4765e-05
16 4.611e-06 1.0939e-05 1.443e-06 1.5054e-05
64 5.621e-06 1.2333e-05 1.55e-06 1.5031e-05
256 4.504e-06 1.0823e-05 1.404e-06 1.4809e-05
1024 4.61e-06 1.1359e-05 1.604e-06 1.4745e-05
4096 4.843e-06 1.3554e-05 2.092e-06 1.5638e-05
16384 4.99e-06 1.6289e-05 3.675e-06 1.6672e-05
65536 5.222e-06 2.7849e-05 9.655e-06 4.4608e-05
262144 7.12e-06 8.1739e-05 0.00013247 0.000161757
1048576 1.9028e-05 0.000539879 0.000952963 0.000235849
4194304 2.0775e-05 0.00193174 0.0015138 0.000245129
k = 64
1 1.9147e-05 2.111e-05 0.00102843 2.0001e-05
4 4.774e-06 1.3105e-05 1.919e-06 1.4896e-05
16 4.615e-06 1.0689e-05 1.706e-06 1.4515e-05
64 4.777e-06 1.1369e-05 1.387e-06 1.4582e-05
256 4.652e-06 1.0638e-05 1.472e-06 1.487e-05
1024 4.818e-06 1.068e-05 1.581e-06 1.4995e-05
4096 4.915e-06 1.2822e-05 1.867e-06 1.6261e-05
16384 4.915e-06 1.4381e-05 3.811e-06 1.6854e-05
65536 5.019e-06 2.2548e-05 0.000666738 4.5358e-05
262144 8.202e-06 5.9223e-05 0.000418276 0.000159841
1048576 1.846e-05 0.00040013 0.000935649 0.000242915
4194304 1.8542e-05 0.00137883 0.00295771 0.000245869