rm -f obj/main.o
rm -f test.exe
g++ -O3 -std=c++11 -march=native -fno-tree-vectorize -fopenmp -Iinclude -c src/main.cpp -o obj/main.o
g++ -o exe/test.exe obj/main.o -O3 -std=c++11 -march=native -fno-tree-vectorize -fopenmp -Iinclude   -lm
1024 0.0627316
1228 0.0820016
1473 0.0900107
1767 0.116955
2120 0.112925
2544 0.153064
3052 0.190701
3662 0.217724
4394 0.241042
5272 0.277953
6326 0.319413
7591 0.348508
9109 0.392976
10930 0.390037
13116 0.449444
15739 0.490272
18886 0.52508
22663 0.498416
27195 0.560388
32634 0.585499
39160 0.625629
46992 0.636847
56390 0.642504
67668 0.652037
81201 0.53342
97441 0.654908
116929 0.661511
140314 0.648787
168376 0.668759
202051 0.669657
242461 0.673828
290953 0.628663
349143 0.61665
418971 0.63946
502765 0.66773
603318 0.670669
723981 0.668407
868777 0.650666
1042532 0.669579
1251038 0.676672
1501245 0.685992
1801494 0.688671
2161792 0.637911
2594150 0.700233
3112980 0.691894
3735576 0.711501
