rm -f obj/main.o
rm -f test.exe
g++ -O3 -std=c++11 -march=native -fno-tree-vectorize -fopenmp -Iinclude -c src/main.cpp -o obj/main.o
g++ -o exe/test.exe obj/main.o -O3 -std=c++11 -march=native -fno-tree-vectorize -fopenmp -Iinclude   -lm
1024 0.0338383
1228 0.0554868
1473 0.0710642
1767 0.089033
2120 0.106195
2544 0.131379
3052 0.15553
3662 0.179196
4394 0.210894
5272 0.246946
6326 0.272912
7591 0.302593
9109 0.344814
10930 0.38077
13116 0.385909
15739 0.446336
18886 0.478526
22663 0.494108
27195 0.517448
32634 0.559747
39160 0.575854
46992 0.605294
56390 0.619062
67668 0.613682
81201 0.636526
97441 0.616556
116929 0.650909
140314 0.638429
168376 0.66991
202051 0.671498
242461 0.682543
290953 0.656584
349143 0.682559
418971 0.688674
502765 0.667361
603318 0.691341
723981 0.651988
868777 0.716602
1042532 0.715218
1251038 0.726188
1501245 0.728731
1801494 0.724772
2161792 0.700679
2594150 0.727687
3112980 0.750697
3735576 0.741829
