rm -f obj/main.o
rm -f test.exe
g++ -O3 -std=c++11 -march=native -fno-tree-vectorize -fopenmp -Iinclude -c src/main.cpp -o obj/main.o
g++ -o exe/test.exe obj/main.o -O3 -std=c++11 -march=native -fno-tree-vectorize -fopenmp -Iinclude   -lm
1024 0.00273901
1228 0.00314776
1473 0.00327198
1767 0.00336018
2120 0.0034086
2544 0.00341471
3052 0.00356901
3662 0.00360861
4394 0.00365518
5272 0.00367017
6326 0.00370966
7591 0.00370839
9109 0.00325062
10930 0.00335387
13116 0.00328225
15739 0.00379552
18886 0.00373564
22663 0.00375872
27195 0.00375946
32634 0.00380442
39160 0.00376447
46992 0.00377569
56390 0.00388378
67668 0.00383183
81201 0.00381915
97441 0.00387326
116929 0.00385615
140314 0.00386297
168376 0.00387952
202051 0.0038864
242461 0.00389497
290953 0.00387871
349143 0.00388972
418971 0.00383788
502765 0.00393406
603318 0.0039967
723981 0.00391751
868777 0.0039471
1042532 0.00407576
1251038 0.00450074
1501245 0.00447219
1801494 0.00427188
2161792 0.00408945
2594150 0.00425831
3112980 0.00411922
3735576 0.00400451
