rm -f obj/main.o
rm -f test.exe
g++ -O3 -std=c++11 -march=native -fno-tree-vectorize -fopenmp -Iinclude -c src/main.cpp -o obj/main.o
g++ -o exe/test.exe obj/main.o -O3 -std=c++11 -march=native -fno-tree-vectorize -fopenmp -Iinclude   -lm
1024 0.0519354
1228 0.0644051
1473 0.0780935
1767 0.0914628
2120 0.114254
2544 0.139425
3052 0.159507
3662 0.195602
4394 0.214622
5272 0.246329
6326 0.277299
7591 0.303306
9109 0.268922
10930 0.30892
13116 0.242313
15739 0.273942
18886 0.35329
22663 0.42779
27195 0.424808
32634 0.430334
39160 0.465525
46992 0.559806
56390 0.548243
67668 0.559292
81201 0.565174
97441 0.526741
116929 0.592601
140314 0.618396
168376 0.625822
202051 0.630863
242461 0.632715
290953 0.634698
349143 0.637189
418971 0.642301
502765 0.64426
603318 0.630715
723981 0.658325
868777 0.66009
1042532 0.661816
1251038 0.662471
1501245 0.663343
1801494 0.284701
2161792 0.278801
2594150 0.313505
3112980 0.53951
3735576 0.646663
