rm -f obj/main.o
rm -f test.exe
g++ -O3 -std=c++11 -march=native -fno-tree-vectorize -fopenmp -Iinclude -c src/main.cpp -o obj/main.o
g++ -o exe/test.exe obj/main.o -O3 -std=c++11 -march=native -fno-tree-vectorize -fopenmp -Iinclude   -lm
1024 0.0886191
1228 0.104886
1473 0.113463
1767 0.119903
2120 0.149344
2544 0.164364
3052 0.174639
3662 0.198412
4394 0.210008
5272 0.233927
6326 0.226523
7591 0.256199
9109 0.272721
10930 0.284015
13116 0.283772
15739 0.334558
18886 0.291467
22663 0.304006
27195 0.317806
32634 0.321131
39160 0.332587
46992 0.331482
56390 0.318155
67668 0.341039
81201 0.349092
97441 0.344621
116929 0.350266
140314 0.350544
168376 0.338688
202051 0.354014
242461 0.351051
290953 0.354758
349143 0.351773
418971 0.337393
502765 0.353679
603318 0.338863
723981 0.345769
868777 0.339974
1042532 0.346287
1251038 0.357047
1501245 0.349794
1801494 0.366075
2161792 0.35825
2594150 0.375077
3112980 0.380638
3735576 0.381791
