rm -f obj/main.o
rm -f test.exe
g++ -O3 -std=c++11 -march=native -fno-tree-vectorize -fopenmp -Iinclude -c src/main.cpp -o obj/main.o
g++ -o exe/test.exe obj/main.o -O3 -std=c++11 -march=native -fno-tree-vectorize -fopenmp -Iinclude   -lm
1024 0.0734214
1228 0.092067
1473 0.111398
1767 0.113847
2120 0.151714
2544 0.157969
3052 0.183652
3662 0.199398
4394 0.21469
5272 0.227296
6326 0.246639
7591 0.259892
9109 0.273183
10930 0.280841
13116 0.293882
15739 0.297007
18886 0.314218
22663 0.306396
27195 0.294011
32634 0.30421
39160 0.34392
46992 0.336521
56390 0.340555
67668 0.33365
81201 0.45692
97441 0.283823
116929 0.269348
140314 0.328865
168376 0.173179
202051 0.195665
242461 0.250712
290953 0.280458
349143 0.25665
418971 0.275914
502765 0.302708
603318 0.252687
723981 0.328322
868777 0.205823
1042532 0.258615
1251038 0.396918
1501245 0.32655
1801494 0.357734
2161792 0.301969
2594150 0.23185
3112980 0.33145
3735576 0.203556
