rm -f obj/main.o
rm -f test.exe
g++ -O3 -std=c++11 -march=native -fno-tree-vectorize -fopenmp -Iinclude -c src/main.cpp -o obj/main.o
g++ -o exe/test.exe obj/main.o -O3 -std=c++11 -march=native -fno-tree-vectorize -fopenmp -Iinclude   -lm
1024 1.77127e-10 2.01417e-09 1.82024e-09
1228 1.48806e-10 1.72197e-09 1.57331e-09
1473 1.55445e-10 1.65606e-09 1.65791e-09
1767 2.06892e-10 1.83895e-09 1.49059e-09
2120 1.75747e-10 1.2949e-09 1.30515e-09
2544 1.81563e-10 1.22571e-09 1.35629e-09
3052 1.93876e-10 1.73165e-09 2.16576e-09
3662 2.44566e-10 1.20193e-09 8.94439e-10
4394 1.78729e-10 8.34689e-10 8.38518e-10
5272 1.80314e-10 7.81973e-10 7.84038e-10
6326 1.82224e-10 7.26897e-10 7.43595e-10
7591 1.82204e-10 7.03058e-10 7.59459e-10
9109 1.96066e-10 7.326e-10 7.13954e-10
10930 1.91485e-10 6.43469e-10 6.51114e-10
13116 1.84722e-10 6.30965e-10 6.2639e-10
15739 1.85898e-10 6.29519e-10 6.45751e-10
18886 1.9669e-10 6.50996e-10 6.77254e-10
22663 1.91333e-10 6.09741e-10 6.13592e-10
27195 1.9082e-10 5.94083e-10 6.05618e-10
32634 1.92743e-10 5.86929e-10 5.84365e-10
39160 1.91381e-10 5.76819e-10 5.8339e-10
46992 1.91189e-10 5.73361e-10 5.70912e-10
56390 1.89556e-10 5.71136e-10 5.68682e-10
67668 2.01775e-10 6.07686e-10 6.17372e-10
81201 2.01899e-10 5.94244e-10 7.23666e-10
97441 1.99346e-10 6.31616e-10 1.04766e-09
116929 2.07015e-10 5.88922e-10 6.02475e-10
140314 2.20358e-10 1.08425e-09 5.81458e-10
168376 1.97933e-10 6.42978e-10 8.91015e-10
202051 1.96526e-10 6.13714e-10 1.10219e-09
242461 2.07094e-10 5.51348e-10 5.57347e-10
290953 2.04049e-10 5.5285e-10 5.50755e-10
349143 2.18855e-10 9.41313e-10 5.75406e-10
418971 1.89714e-10 5.56399e-10 6.2116e-10
502765 1.89215e-10 5.33788e-10 5.58229e-10
603318 2.10032e-10 5.95161e-10 5.64691e-10
723981 2.39903e-10 9.72122e-10 5.97541e-10
868777 2.00448e-10 5.47097e-10 5.48583e-10
1042532 1.9675e-10 5.72753e-10 5.59608e-10
1251038 2.17023e-10 7.22603e-10 5.99162e-10
1501245 2.08439e-10 5.86288e-10 5.89705e-10
