rm -f obj/main.o
rm -f test.exe
g++ -O3 -std=c++11 -march=native -fno-tree-vectorize -fopenmp -Iinclude -c src/main.cpp -o obj/main.o
g++ -o exe/test.exe obj/main.o -O3 -std=c++11 -march=native -fno-tree-vectorize -fopenmp -Iinclude   -lm
1024 0.0611935
1228 0.0805859
1473 0.0852545
1767 0.104261
2120 0.126015
2544 0.137269
3052 0.164642
3662 0.180461
4394 0.170457
5272 0.157587
6326 0.233834
7591 0.191199
9109 0.167718
10930 0.201393
13116 0.187177
15739 0.15517
18886 0.159232
22663 0.311032
27195 0.17094
32634 0.35179
39160 0.351173
46992 0.222452
56390 0.339594
67668 0.326507
81201 0.156137
97441 0.288917
116929 0.106126
140314 0.555844
168376 0.383795
202051 0.291717
242461 0.378247
290953 0.31744
349143 0.343379
418971 0.407471
502765 0.276326
603318 0.393777
723981 0.384759
868777 0.363218
1042532 0.402479
1251038 0.420608
1501245 0.430418
1801494 0.470774
2161792 0.586872
2594150 0.247977
3112980 0.338304
3735576 0.395364
