rm -f obj/main.o
rm -f test.exe
g++ -O3 -std=c++11 -march=native -fno-tree-vectorize -fopenmp -Iinclude -c src/main.cpp -o obj/main.o
g++ -o exe/test.exe obj/main.o -O3 -std=c++11 -march=native -fno-tree-vectorize -fopenmp -Iinclude   -lm
1024 0.0731301
1228 0.089214
1473 0.0947707
1767 0.126745
2120 0.142788
2544 0.166585
3052 0.179033
3662 0.195849
4394 0.220925
5272 0.228428
6326 0.253735
7591 0.26011
9109 0.276644
10930 0.269258
13116 0.269357
15739 0.276275
18886 0.229842
22663 0.279708
27195 0.341562
32634 0.178664
39160 0.284441
46992 0.263308
56390 0.325363
67668 0.191187
81201 0.353559
97441 0.288776
116929 0.193701
140314 0.295052
168376 0.226633
202051 0.375391
242461 0.26573
290953 0.349423
349143 0.404886
418971 0.358218
502765 0.351478
603318 0.356776
723981 0.272079
868777 0.350703
1042532 0.362137
1251038 0.356274
1501245 0.345857
1801494 0.39038
2161792 0.382072
2594150 0.331689
3112980 0.372729
3735576 0.349836
