rm -f obj/main.o
rm -f test.exe
g++ -O3 -std=c++11 -march=native -fno-tree-vectorize -fopenmp -Iinclude -c src/main.cpp -o obj/main.o
g++ -o exe/test.exe obj/main.o -O3 -std=c++11 -march=native -fno-tree-vectorize -fopenmp -Iinclude   -lm
1024 0.0617829
1228 0.085386
1473 0.098686
1767 0.141895
2120 0.140309
2544 0.156397
3052 0.194903
3662 0.227336
4394 0.240449
5272 0.286474
6326 0.322171
7591 0.359388
9109 0.375732
10930 0.429642
13116 0.458209
15739 0.494199
18886 0.514889
22663 0.539076
27195 0.567358
32634 0.552255
39160 0.617803
46992 0.640717
56390 0.657897
67668 0.651302
81201 0.677891
97441 0.65334
116929 0.695247
140314 0.698161
168376 0.708774
202051 0.719293
242461 0.692462
290953 0.714581
349143 0.706494
418971 0.624461
502765 0.730736
603318 0.614684
723981 0.676126
868777 0.747504
1042532 0.718201
1251038 0.767783
1501245 0.765779
1801494 0.73575
2161792 0.763876
2594150 0.767501
3112980 0.756994
3735576 0.758216
