rm -f obj/main.o
rm -f test.exe
g++ -O3 -std=c++11 -march=native -fno-tree-vectorize -fopenmp -Iinclude -c src/main.cpp -o obj/main.o
g++ -o exe/test.exe obj/main.o -O3 -std=c++11 -march=native -fno-tree-vectorize -fopenmp -Iinclude   -lm
1024 0.914198
1228 1.11499
1473 1.19179
1767 1.37682
2120 1.45488
2544 1.3027
3052 1.86275
3662 2.13179
4394 2.12246
5272 1.32382
6326 1.75658
7591 2.75507
9109 2.93823
10930 3.07633
13116 3.04281
15739 3.07283
18886 3.15641
22663 3.30374
27195 3.38265
32634 3.56801
39160 3.50652
46992 3.25748
56390 2.25594
67668 3.70291
81201 3.56327
97441 3.72998
116929 3.54437
140314 3.89257
168376 1.57651
202051 2.65577
242461 3.84467
290953 3.94315
349143 2.9188
418971 3.73979
502765 4.02481
603318 3.75556
723981 3.47458
868777 3.30802
1042532 3.38279
1251038 2.84998
1501245 2.70822
1801494 1.60659
2161792 2.24543
2594150 2.40276
3112980 2.49896
3735576 2.41588
