rm -f obj/main.o
rm -f test.exe
g++ -O3 -std=c++11 -march=native -fno-tree-vectorize -fopenmp -Iinclude -c src/main.cpp -o obj/main.o
g++ -o exe/test.exe obj/main.o -O3 -std=c++11 -march=native -fno-tree-vectorize -fopenmp -Iinclude   -lm
1024 0.570489
1228 0.935696
1473 0.983874
1767 1.09582
2120 1.12382
2544 1.23038
3052 1.32347
3662 1.36285
4394 1.43328
5272 1.37452
6326 1.49024
7591 1.57376
9109 1.61264
10930 1.62656
13116 1.60609
15739 1.43078
18886 1.95999
22663 1.87545
27195 1.72731
32634 1.95602
39160 1.68998
46992 1.42903
56390 1.77653
67668 1.83344
81201 1.68623
97441 1.55136
116929 2.02757
140314 1.85406
168376 1.20336
202051 1.53324
242461 1.51106
290953 1.20575
349143 1.96112
418971 1.85194
502765 1.70991
603318 1.57487
723981 1.57819
868777 1.28934
1042532 2.29972
1251038 1.51823
1501245 1.46532
1801494 1.29438
2161792 1.73271
2594150 1.86497
3112980 1.88384
3735576 1.77639
