#define BLOCKDIM_X 12
#define BLOCKDIM_Y 12
720 480
0.00462668 0.000120904 0.00011335 4.46394e-06
4000 2667
0.143573 0.00514264 0.00318941 0.000106326
2048 2048
0.0565031 0.00194018 0.00132503 4.24432e-05
#define BLOCKDIM_X 24
#define BLOCKDIM_Y 24
720 480
0.00460608 9.58471e-05 0.000107993 4.51016e-06
4000 2667
0.147451 0.00408471 0.00356486 0.000104628
2048 2048
0.0573878 0.00153893 0.00147763 4.25383e-05
#define BLOCKDIM_X 48
#define BLOCKDIM_Y 48
720 480
0.00467647 1.82952e-06 1.56734e-06 4.6697e-06
4000 2667
0.147412 2.87938e-06 1.54046e-06 0.000105187
2048 2048
0.0579767 1.98604e-06 1.60602e-06 4.28664e-05
#define BLOCKDIM_X 96
#define BLOCKDIM_Y 96
720 480
0.00460972 2.12832e-06 1.57364e-06 4.59316e-06
4000 2667
0.145239 1.82462e-06 1.60974e-06 0.000106493
2048 2048
0.0564766 1.81756e-06 1.54966e-06 4.24309e-05
#define BLOCKDIM_X 192
#define BLOCKDIM_Y 192
720 480
0.00469467 1.85828e-06 1.56078e-06 5.48642e-06
4000 2667
0.143719 1.89142e-06 1.545e-06 0.000107033
2048 2048
0.0565225 1.81206e-06 1.56278e-06 4.34227e-05
