720 480
0.00462574 0.000146041 0.000132393 4.4562e-06
4000 2667
0.144395 0.00613768 0.00392608 0.000106806
2048 2048
0.056271 0.00232062 0.00169369 4.21447e-05
720 480
0.00463427 8.08429e-05 0.000102955 4.63178e-06
4000 2667
0.143492 0.00341635 0.00319514 0.000106817
2048 2048
0.0562627 0.00125502 0.00126036 4.19184e-05
720 480
0.00471131 9.15264e-05 0.000283602 4.6508e-06
4000 2667
0.143857 0.00339072 0.00877929 0.000105585
2048 2048
0.0562731 0.00131693 0.00346948 4.22243e-05
720 480
0.00461052 1.757e-06 1.5536e-06 4.678e-06
4000 2667
0.143831 1.78706e-06 1.54784e-06 0.000105874
2048 2048
0.0564707 1.78354e-06 1.54864e-06 4.21327e-05
720 480
0.00462477 1.70982e-06 1.54508e-06 4.66006e-06
4000 2667
0.144693 1.79628e-06 1.58292e-06 0.000106976
2048 2048
0.056338 1.82378e-06 1.56756e-06 4.18996e-05
