#define BLOCKDIM_X 24
#define BLOCKDIM_Y 24
720 480
0.00465116 9.59265e-05 0.00011062
4000 2667
0.145083 0.00405407 0.00355989
2048 2048
0.0577216 0.00154007 0.00147957

#define BLOCKDIM_X 12
#define BLOCKDIM_Y 12
720 480
0.00459146 0.00012071 0.000113375
4000 2667
0.142879 0.00516981 0.00318974
2048 2048
0.0589003 0.00194651 0.00126399

#define BLOCKDIM_X 48
#define BLOCKDIM_Y 48
720 480
0.00464556 1.91526e-06 2.15246e-06
4000 2667
0.143554 1.80414e-06 1.57218e-06
2048 2048
0.0566451 1.80384e-06 1.53718e-06

#define BLOCKDIM_X 96
#define BLOCKDIM_Y 96
720 480
0.00468273 1.989e-06 1.5911e-06
4000 2667
0.144075 1.7684e-06 1.55602e-06
2048 2048
0.0584569 1.91596e-06 1.5596e-06
