rm -f obj/main.o
rm -f test.exe
g++ -O3 -std=c++11 -march=native -fno-tree-vectorize -fopenmp -Iinclude -c src/main.cpp -o obj/main.o
g++ -o exe/test.exe obj/main.o -O3 -std=c++11 -march=native -fno-tree-vectorize -fopenmp -Iinclude   -lm
Size seq_duration / par_duration
1024 0.712543
1228 0.686346
1473 0.825841
1767 0.768662
2120 0.936115
2544 1.27493
3052 1.46639
3662 1.89175
4394 1.83134
5272 1.93967
6326 2.0856
7591 2.32023
9109 2.38484
10930 2.58765
13116 2.97231
15739 3.08099
18886 3.38531
22663 3.86823
27195 3.97924
32634 1.96311
39160 1.43381
46992 3.39843
56390 4.20355
67668 4.23133
81201 4.00167
97441 4.04854
116929 4.0096
140314 4.24169
168376 4.4329
202051 4.47618
242461 4.05467
290953 4.78376
349143 3.54814
418971 2.47407
502765 1.1774
603318 1.10198
723981 1.40443
868777 1.50101
1042532 1.1069
1251038 1.13586
1501245 1.20727
1801494 0.831849
2161792 1.01158
2594150 1.00314
3112980 1.00229
3735576 0.845062
