rm -f obj/main.o
rm -f test.exe
g++ -O3 -std=c++11 -march=native -fno-tree-vectorize -fopenmp -Iinclude -c src/main.cpp -o obj/main.o
g++ -o exe/test.exe obj/main.o -O3 -std=c++11 -march=native -fno-tree-vectorize -fopenmp -Iinclude   -lm
Size seq_duration / par_duration
1024 0.462557
1228 0.397539
1473 0.521013
1767 0.808623
2120 0.70121
2544 0.793695
3052 1.12486
3662 0.786285
4394 0.853269
5272 0.745315
6326 0.791959
7591 1.31987
9109 1.35752
10930 1.25631
13116 1.49175
15739 1.65337
18886 1.51527
22663 1.46902
27195 1.76161
32634 1.66108
39160 1.67344
46992 1.58845
56390 1.68364
67668 1.68754
81201 1.62907
97441 1.67029
116929 1.51789
140314 1.31851
168376 1.16835
202051 0.634447
242461 1.22367
290953 1.03688
349143 1.08732
418971 1.08974
502765 0.79436
603318 1.12824
723981 0.999758
868777 1.60466
1042532 1.10451
1251038 0.95343
1501245 1.42118
1801494 1.18306
2161792 0.946419
2594150 1.12604
3112980 1.33834
3735576 1.02469
