rm -f obj/main.o
rm -f test.exe
g++ -O3 -std=c++11 -march=native -fno-tree-vectorize -fopenmp -Iinclude -c src/main.cpp -o obj/main.o
g++ -o exe/test.exe obj/main.o -O3 -std=c++11 -march=native -fno-tree-vectorize -fopenmp -Iinclude   -lm
Size seq_duration / par_duration
1024 0.0237566
511 757
1228 0.0212742
628 905
rm -f obj/main.o
rm -f test.exe
g++ -O3 -std=c++11 -march=native -fno-tree-vectorize -fopenmp -Iinclude -c src/main.cpp -o obj/main.o
g++ -o exe/test.exe obj/main.o -O3 -std=c++11 -march=native -fno-tree-vectorize -fopenmp -Iinclude   -lm
Size seq_duration / par_duration
1024 0.02334
538 827
1228 0.0243413
626 952
1473 0.0260071
729 1144
1767 0.0298567
877 1317
2120 0.0312454
1069 1588
2544 0.0431739
1258 1874
3052 0.0637611
1521 2297
3662 0.0747724
1802 2739
4394 0.0846688
2202 3243
5272 0.0927301
2616 3891
6326 0.091986
3203 4786
7591 0.0966834
3781 5718
9109 0.0976847
4564 6928
10930 0.101919
5482 8163
13116 0.104874
6603 9899
15739 0.108916
7882 11701
18886 0.108624
9450 14211
22663 0.111231
11384 17166
27195 0.115121
13515 20196
32634 0.114557
16276 24456
39160 0.114913
19822 29907
46992 0.116182
23479 35183
56390 0.117037
28298 42277
67668 0.118192
33835 50824
81201 0.11844
40431 60657
97441 0.117797
48585 72971
116929 0.117711
58669 88337
140314 0.118858
70302 105592
168376 0.119823
84407 126342
202051 0.119533
100593 151071
242461 0.120854
121400 181922
290953 0.124158
145075 217508
349143 0.119043
174559 261673
418971 0.119876
209838 314193
502765 0.12082
251341 377516
603318 0.120312
302010 453528
723981 0.121098
362412 543544
868777 0.116526
434099 651940
1042532 0.122512
520803 781085
1251038 0.116328
625694 938892
1501245 0.116313
749766 1125631
1801494 0.116071
901779 1352448
2161792 0.119171
1079317 1619209
2594150 0.118099
1295755 1944534
3112980 0.121439
1557506 2336765
