rm -f obj/main.o
rm -f test.exe
g++ -O3 -std=c++11 -march=native -fno-tree-vectorize -fopenmp -Iinclude -c src/main.cpp -o obj/main.o
g++ -o exe/test.exe obj/main.o -O3 -std=c++11 -march=native -fno-tree-vectorize -fopenmp -Iinclude   -lm
Size seq_duration / par_duration
1024 0.320451
1228 0.352333
1473 0.42487
1767 0.508702
2120 0.676776
2544 0.947485
3052 1.162
3662 1.34597
4394 1.53838
5272 1.62615
6326 1.85141
7591 2.03342
9109 2.02143
10930 2.18836
13116 2.19271
15739 2.22043
18886 2.10101
22663 2.45526
27195 2.49293
32634 2.48419
39160 2.43869
46992 2.61784
56390 2.65767
67668 2.69566
81201 2.29156
97441 2.50808
116929 2.72268
140314 2.73271
168376 2.53462
202051 2.19006
242461 2.69242
290953 2.79604
349143 2.7975
418971 2.67048
502765 2.66538
603318 2.73276
723981 2.79388
868777 2.37796
1042532 2.71032
1251038 2.63056
1501245 2.77453
1801494 2.40935
2161792 2.63409
2594150 2.61888
3112980 2.67536
3735576 2.44154
